dVal1,dVal2,dVal3,dStd1,dStd2,dStd3,dStdTotal,dCovar12,dCovar13,dCovar23,dPointingErrorH,dPointingErrorV,dPointingErrorD,dAprioriStd1,dAprioriStd2,dAprioriStd3,dAprioriStdTotal,dAprioriCovar12,dAprioriCovar13,dAprioriCovar23,dTemperature,dPressure,dHumidity,
820.9291,1739.7681,-751.3448,0.00423916,0.00214382,0.00211854,0.00520141,-8.11854e-06,7.32229e-07,1.55179e-06,0.000281568,0.000211564,0.0126948,0.0111234,0.00907704,0.0119657,0.0186896,-2.50922e-05,1.42832e-05,3.027e-05,23.5,1024,25,
809.3035,1862.9088,-751.2063,0.0065821,0.00331861,0.00505585,0.00893861,-1.73022e-05,3.76697e-06,8.67107e-06,0.000471294,0.000348842,0.0221619,0.0112653,0.00903289,0.0120248,0.0187908,-2.42652e-05,1.25556e-05,2.89012e-05,23.5,1024,25,
697.9437,1727.7023,-753.4409,0.00450699,0.00214808,0.00303918,0.00584498,-7.57861e-06,1.39121e-06,3.44383e-06,0.000227881,0.000415228,0.0166153,0.0111954,0.00891165,0.0119258,0.0186274,-2.21684e-05,1.29929e-05,3.21628e-05,23.5,1024,25.1,
-0.4183,123.6147,0.0006,0.00227171,0.00402768,0.00251009,0.00526151,7.77114e-06,2.37988e-06,-1.00505e-06,0.000203809,0.000254404,0.0114351,0.00916734,0.0110151,0.0118999,0.0186274,2.55282e-05,3.13017e-05,-1.63399e-05,23.5,1025,24.3,
-0.0209,-0.0067,-0.0484,0.00366332,0.00610661,0.00180133,0.00734544,2.17769e-05,1.45358e-06,-9.65611e-08,0.0004307,0.00022942,0.0175897,0.00935518,0.0109203,0.0119384,0.0186895,2.80029e-05,2.93363e-05,-1.75028e-05,23.5,1025,24.1,
109.5955,1505.6343,42.8291,0.00166727,0.00417834,0.00290939,0.00535751,-4.86215e-06,3.14774e-06,1.11819e-06,0.000280901,0.000422582,0.0175523,0.00866314,0.0113661,0.0119477,0.0186275,-1.83666e-05,3.28489e-05,9.64432e-06,23.5,1025,24,
233.1472,1499.1210,42.5112,0.00198688,0.00446043,0.00432645,0.00652391,-4.87548e-06,6.68337e-06,1.88081e-06,0.000391975,0.0003521,0.0192295,0.00865146,0.0114897,0.0120149,0.0187408,-1.76148e-05,3.09313e-05,8.37375e-06,23.5,1025,24.3,
116.0542,1628.9396,42.9661,0.00118568,0.00214541,0.00243695,0.0034565,-1.40137e-06,2.14947e-06,7.73321e-07,0.000172039,0.000184652,0.00891728,0.00881524,0.0112889,0.0119757,0.0186699,-2.17529e-05,3.136e-05,1.13518e-05,23.5,1025,24.3,
109.6262,1505.6418,42.8575,0.00142619,0.00220549,0.00331802,0.00423172,-1.01065e-06,4.18772e-06,1.14626e-06,8.69169e-05,0.000503764,0.0176832,0.0086631,0.0113662,0.0119477,0.0186276,-1.83674e-05,3.28474e-05,9.64388e-06,23.5,1025,24.3,
196.4822,2967.0729,84.4849,0.00378071,0.00352632,0.00256502,0.00577131,-1.27946e-05,9.27864e-07,1.35239e-06,0.000165572,0.000151491,0.0110025,0.0116711,0.011317,0.0137782,0.0213103,-5.2116e-05,2.01762e-05,2.15625e-05,23.5,1025,23.7,
319.9257,2959.3628,84.4860,0.0026819,0.00265588,0.0042076,0.00565245,-5.83187e-06,3.0555e-06,2.97749e-06,0.000192492,0.000342309,0.0198101,0.0117943,0.0117483,0.0141682,0.0218601,-5.68972e-05,2.19025e-05,2.18635e-05,23.4,1025,23.4,
204.1542,3090.4332,83.6063,0.00542835,0.00482354,0.00681185,0.00995664,-2.3258e-05,7.4006e-06,8.46597e-06,0.000455143,0.000458385,0.0327317,0.0121492,0.0114992,0.0142516,0.021976,-5.73347e-05,2.07279e-05,2.34393e-05,23.4,1025,23.4,
196.5016,2967.0060,84.4094,0.0048704,0.00456693,0.0103294,0.0122993,-1.54721e-05,1.89209e-05,1.90614e-05,0.000243549,0.000531245,0.0286517,0.0116709,0.011317,0.013778,0.0213101,-5.2113e-05,2.01785e-05,2.1564e-05,23.4,1025,23.7,
1689.1870,2900.7261,94.1553,0.00365569,0.00609617,0.00681658,0.00984851,-2.06598e-05,7.02791e-06,4.08449e-06,0.000212306,0.000320411,0.0262997,0.0131533,0.017474,0.0193839,0.0292248,-0.000114978,4.21546e-05,2.4152e-05,23.4,1025,23.9,
1813.0170,2900.7489,93.9252,0.00199656,0.00327439,0.00484286,0.00617747,-5.49948e-06,3.53035e-06,1.78633e-06,0.000192274,0.000220399,0.0205546,0.0132866,0.0180454,0.0199185,0.0299819,-0.000120665,4.41208e-05,2.43782e-05,23.4,1025,24.1,
1689.2025,3024.2944,93.4157,0.00418299,0.00665331,0.00658583,0.0102536,-2.63946e-05,6.24087e-06,4.1182e-06,0.000287496,0.000301971,0.0289835,0.0135613,0.0175588,0.0196983,0.0296689,-0.000123157,4.24324e-05,2.58785e-05,23.4,1025,24.1,
1689.2109,2900.6801,94.0902,0.00223549,0.0031241,0.00829789,0.00914398,-4.44864e-06,1.08408e-05,5.23503e-06,0.000159252,0.000338668,0.025607,0.0131532,0.0174741,0.0193839,0.0292248,-0.000114975,4.2159e-05,2.41538e-05,23.4,1025,24.2,
1548.0367,1412.0892,52.6355,0.00110916,0.00552247,0.00341586,0.00658756,-4.06597e-06,2.49626e-06,6.68446e-07,0.00019706,0.00029002,0.0202644,0.0097806,0.0160604,0.0162844,0.0248752,-2.30028e-05,3.99429e-05,5.31839e-06,23.4,1025,23.8,
1671.8464,1409.6722,52.9805,0.00123935,0.00380271,0.00531529,0.00665198,-1.80326e-06,6.01601e-06,5.45176e-07,0.000194919,0.000247398,0.0188594,0.00992924,0.016675,0.0168873,0.025726,-2.43147e-05,4.21503e-05,5.37672e-06,23.4,1025,23.7,
1550.4403,1535.6173,53.1460,0.00177328,0.00725853,0.00522577,0.00911808,-8.95963e-06,5.78821e-06,1.46559e-06,0.000303371,0.000255844,0.023081,0.00990942,0.0161037,0.0163908,0.0250237,-2.95231e-05,4.00732e-05,6.87547e-06,23.4,1025,23.7,
1548.0343,1412.0721,52.6083,0.00135709,0.00714645,0.00374729,0.00818264,-6.81698e-06,2.94663e-06,1.04703e-06,0.000317626,0.000231588,0.022718,0.00978062,0.0160604,0.0162844,0.0248752,-2.30018e-05,3.99444e-05,5.31837e-06,23.4,1025,23.9,
1442.8926,-89.6212,9.5304,0.0015316,0.00251793,0.00594035,0.00663125,1.40404e-06,7.60336e-06,-3.09978e-06,7.94224e-05,0.000221565,0.0138014,0.0106238,0.0158249,0.0164944,0.0252063,5.31112e-05,4.11348e-05,-1.42721e-05,23.4,1025,23.9,
1564.6540,-112.1313,9.5037,0.00121938,0.00305339,0.0024517,0.00410132,2.98082e-06,1.25576e-06,-3.54696e-07,8.77429e-05,0.000160278,0.0110954,0.0108171,0.0164214,0.0170978,0.0260577,5.76611e-05,4.34359e-05,-1.48004e-05,23.4,1025,23.7,
1465.1329,31.9780,9.2652,0.00193642,0.00549037,0.00413575,0.00714131,8.76903e-06,3.85301e-06,-9.10968e-07,0.000183882,0.000216134,0.0165629,0.0104169,0.015866,0.0164161,0.0250944,4.71641e-05,4.13618e-05,-1.26386e-05,23.4,1024,23.8,
1442.9286,-89.6686,9.5417,0.00507112,0.0137514,0.00817706,0.0167834,6.38055e-05,1.53764e-05,-2.92317e-06,0.000501158,0.000318973,0.0348342,0.0106239,0.0158251,0.0164947,0.0252067,5.31149e-05,4.11349e-05,-1.42726e-05,23.4,1025,23.8,
2955.4341,-112.3500,23.3473,0.00106988,0.00367083,0.00417264,0.00565955,3.04714e-06,2.65886e-06,-6.84137e-07,8.05875e-05,0.000220595,0.0196458,0.0124154,0.0232139,0.0237336,0.0354445,9.5369e-05,6.78685e-05,-1.61231e-05,23.4,1024,24,
3072.7021,-151.9918,27.2247,0.00293154,0.0100066,0.0116898,0.0156645,2.28825e-05,2.01962e-05,-5.35746e-06,0.000230402,0.000285724,0.0314801,0.0126218,0.0238033,0.0243463,0.0363132,0.000102201,6.96465e-05,-1.67161e-05,23.4,1024,23.9,
2994.7662,4.8302,24.3229,0.00242233,0.0098366,0.00840205,0.0131613,1.97537e-05,1.0945e-05,-1.7904e-06,0.00026992,0.000370378,0.0384397,0.0122435,0.0233775,0.0237989,0.0355359,8.58102e-05,6.84077e-05,-1.43905e-05,23.4,1024,23.6,
2955.4771,-112.4206,23.2439,0.00376948,0.0152725,0.00703385,0.0172317,5.48783e-05,8.31977e-06,1.31283e-06,0.000343347,0.000228573,0.0345042,0.0124158,0.0232142,0.0237339,0.035445,9.53758e-05,6.78788e-05,-1.61265e-05,23.4,1024,23.6,
3054.9352,1337.6606,62.8621,0.00133596,0.0123025,0.00631113,0.0138913,-1.15299e-05,5.79234e-06,2.35631e-06,0.000231311,0.000176559,0.0242872,0.0115249,0.0235612,0.0236731,0.0353323,-3.3398e-05,6.56703e-05,4.9431e-06,23.4,1024,23.8,
3177.9846,1323.9872,66.0208,0.00144602,0.00827227,0.00773347,0.0114161,-4.89607e-06,8.58348e-06,7.6433e-07,0.000153728,0.000266963,0.0263352,0.011659,0.0241747,0.0242783,0.036191,-3.32611e-05,6.74819e-05,4.76165e-06,23.4,1024,23.8,
3068.4796,1460.5630,62.4374,0.00138827,0.00845552,0.0062523,0.0106073,-7.25376e-06,5.68741e-06,1.14492e-06,0.000216849,0.000199672,0.0246978,0.011643,0.0236403,0.023796,0.0355059,-4.46777e-05,6.59861e-05,6.66841e-06,23.4,1024,24,
3055.0077,1337.5957,62.8245,0.00125155,0.00928341,0.00634833,0.0113159,-6.56685e-06,5.92818e-06,1.24104e-06,0.000342498,0.000229558,0.0343702,0.011525,0.0235616,0.0236735,0.0353328,-3.33927e-05,6.56751e-05,4.94247e-06,23.4,1024,24.1,
3193.8993,2823.4444,102.5122,0.00535335,0.013278,0.0141596,0.020136,-6.62169e-05,2.408e-05,9.17904e-06,0.000325482,0.000344172,0.0432877,0.0144912,0.0245958,0.0259963,0.0386103,-0.000177148,6.52025e-05,2.47471e-05,23.4,1024,23.8,
3317.5277,2829.4217,106.2052,0.00805963,0.0191482,0.0303461,0.0367763,-0.000132784,0.000110698,3.24305e-05,0.000518227,0.000689728,0.0805696,0.0146339,0.0251997,0.0265828,0.0394439,-0.000183317,6.67927e-05,2.48027e-05,23.4,1024,23.9,
3187.7643,2946.9623,101.1027,0.00230543,0.00422422,0.010903,0.0119178,-6.43808e-06,1.45989e-05,4.21962e-06,0.000117197,0.000348655,0.0338772,0.0148544,0.0246124,0.0261946,0.0388919,-0.000189024,6.5364e-05,2.65056e-05,23.3,1024,24.1,
3193.9418,2823.4176,102.4692,0.00515924,0.0130376,0.0109803,0.0178091,-6.40853e-05,1.40372e-05,6.6237e-06,0.000435156,0.000423288,0.0554524,0.0144912,0.024596,0.0259964,0.0386105,-0.000177147,6.52073e-05,2.47484e-05,23.3,1024,23.7,
-71.5607,43.0987,253.1510,0.00238441,0.00396217,0.00218966,0.00511652,9.01441e-06,1.27879e-06,-4.89899e-07,0.000156526,0.000286417,0.0108482,0.00912115,0.0111484,0.0121967,0.0188743,3.63809e-05,2.28668e-05,-1.35377e-05,23.3,1024,23.7,
29.2805,-28.7530,253.9580,0.0011452,0.00160222,0.00302553,0.00361005,1.09419e-06,2.01956e-06,-1.3028e-06,0.000113883,0.00019655,0.00802091,0.00921098,0.0111865,0.0122383,0.0189673,3.66641e-05,2.10524e-05,-1.26177e-05,23.3,1024,23.3,
-0.2245,143.5202,260.9654,0.0013389,0.00256808,0.00133926,0.00319082,3.22741e-06,4.73633e-07,-1.33159e-07,3.98619e-05,0.000215246,0.00732283,0.00886291,0.0113676,0.0122104,0.0188909,3.35401e-05,2.31911e-05,-1.17291e-05,23.3,1024,23.3,
-71.5433,43.0719,253.1079,0.00256214,0.00403464,0.00429828,0.00642792,8.63238e-06,4.4927e-06,-2.60299e-06,0.000165251,0.000381888,0.0138302,0.00912123,0.0111483,0.0121966,0.0188743,3.63799e-05,2.28679e-05,-1.35386e-05,23.3,1024,23.3,
117.4747,1473.0498,295.0671,0.000569169,0.00101493,0.0017404,0.00209357,-2.29907e-07,7.45731e-07,1.75831e-07,3.35966e-05,0.000204678,0.00688655,0.00819893,0.011824,0.0122437,0.0188928,-2.2579e-05,2.3703e-05,6.58598e-06,23.2,1024,23.4,
240.4031,1458.8923,297.7065,0.000949479,0.00347124,0.00145139,0.0038804,-3.04838e-06,4.47369e-07,2.98962e-07,0.000179206,0.0002063,0.00960155,0.00820834,0.0119181,0.0122786,0.0189785,-2.0785e-05,2.20456e-05,5.56144e-06,23.2,1024,23.7,
131.4841,1595.4981,302.5700,0.000780493,0.00152238,0.00217603,0.00276802,-6.97872e-07,1.09812e-06,3.43359e-07,4.0769e-05,0.000376751,0.0128933,0.00840031,0.0117254,0.0122658,0.0189341,-2.6885e-05,2.22061e-05,7.64353e-06,23.2,1024,23.8,
117.4650,1473.0655,295.0630,0.00119215,0.00128288,0.00450647,0.0048348,-1.70288e-07,5.1231e-06,1.11599e-06,0.000125988,0.000403905,0.0140475,0.00819896,0.0118239,0.0122437,0.0188928,-2.25796e-05,2.37032e-05,6.58627e-06,23.2,1024,23.8,
213.3502,2971.2568,337.7204,0.00766223,0.00716821,0.00829962,0.0133782,-5.31423e-05,7.05927e-06,8.25949e-06,0.000739422,0.000602179,0.0461456,0.0116037,0.0112585,0.013757,0.0212286,-5.5966e-05,1.26956e-05,1.3522e-05,23.2,1024,23.7,
336.6553,2961.9689,340.4666,0.00270227,0.0026906,0.00487677,0.00619068,-6.69157e-06,2.65076e-06,2.46735e-06,0.000191234,0.00029252,0.0173849,0.0117104,0.0117008,0.0141472,0.0217758,-6.07584e-05,1.36984e-05,1.36253e-05,23.2,1024,23.7,
222.4800,3094.3515,345.0286,0.0114219,0.0101444,0.0169032,0.0227835,-0.00010894,2.88569e-05,3.15015e-05,0.000795762,0.00111824,0.0686965,0.0120899,0.0114348,0.0142371,0.0219001,-6.13903e-05,1.28294e-05,1.4442e-05,23.2,1024,23.8,
213.3629,2971.2543,337.6663,0.0106927,0.00999607,0.01905,0.0240241,-9.78318e-05,4.05493e-05,4.04674e-05,0.00073866,0.000950112,0.0582368,0.0116037,0.0112585,0.013757,0.0212287,-5.59659e-05,1.26973e-05,1.35237e-05,23.2,1024,23.8,
1646.1987,2919.9022,347.9679,0.0029523,0.00489442,0.00508652,0.00765142,-1.38428e-05,2.38223e-06,1.51404e-06,0.000184286,0.000249375,0.0208761,0.0130002,0.017253,0.0192016,0.0289028,-0.000117063,2.58127e-05,1.51777e-05,23.2,1024,23.9,
1769.6126,2910.3527,350.1511,0.0022817,0.00392938,0.00468342,0.00652538,-8.56849e-06,2.03889e-06,1.12368e-06,0.000186456,0.000216971,0.0197656,0.0130973,0.0178173,0.0197098,0.0296221,-0.000122103,2.68776e-05,1.51606e-05,23.2,1024,23.9,
1655.6017,3043.0077,354.8559,0.00674416,0.0106897,0.00996256,0.0160937,-7.0851e-05,8.46699e-06,6.33871e-06,0.000393412,0.00053112,0.0453169,0.0134266,0.0173774,0.01956,0.0294081,-0.00012575,2.56272e-05,1.59798e-05,23.2,1024,23.7,
1646.2146,2919.8911,347.9135,0.00237441,0.00392573,0.00539651,0.00708319,-8.92146e-06,2.82532e-06,1.51623e-06,0.000169106,0.00026717,0.0212876,0.0130002,0.0172531,0.0192017,0.0289029,-0.000117063,2.58162e-05,1.51796e-05,23.2,1024,23.7,
1542.2744,1460.6454,308.0438,0.000826252,0.00347505,0.00420977,0.00552094,-1.81364e-06,2.5094e-06,2.88723e-07,0.000122969,0.000190963,0.0129504,0.00950068,0.0160407,0.0162213,0.0247123,-2.63916e-05,2.54968e-05,3.83739e-06,23.1,1024,24.3,
1665.8149,1452.5517,310.1935,0.00137647,0.00433989,0.00889219,0.00999002,-2.67534e-06,1.08665e-05,5.36126e-07,0.000223851,0.000538354,0.0344596,0.00964233,0.0166521,0.016822,0.0255587,-2.75064e-05,2.68114e-05,3.82189e-06,23.1,1024,24,
1550.1173,1583.7233,316.0152,0.000717125,0.00236061,0.00400631,0.00470503,-1.03618e-06,2.22548e-06,2.45841e-07,6.29599e-05,0.000203334,0.0122382,0.00964854,0.0161122,0.0163623,0.0249083,-3.32428e-05,2.52236e-05,4.75673e-06,23.1,1024,24,
1542.3029,1460.6304,308.0282,0.00187277,0.00547005,0.011413,0.012794,-4.43025e-06,1.8623e-05,1.11797e-06,0.000142572,0.000394405,0.0239124,0.00950072,0.0160409,0.0162214,0.0247125,-2.63911e-05,2.5498e-05,3.83741e-06,23.1,1024,24.2,
1448.6102,-82.2596,264.0544,0.00190567,0.00531986,0.00259412,0.00621787,9.50538e-06,1.07305e-06,4.52417e-08,0.000181992,0.000184928,0.0150089,0.0103251,0.0158176,0.0164371,0.0250397,5.48713e-05,2.72541e-05,-9.32182e-06,23.1,1024,24.2,
1568.4126,-113.4376,265.5684,0.00106694,0.00280556,0.00364721,0.00472352,2.53172e-06,1.8461e-06,-7.00312e-07,3.58627e-05,0.000211613,0.0128722,0.0105346,0.0164105,0.0170499,0.0259033,5.98536e-05,2.86981e-05,-9.72628e-06,23.1,1024,24.1,
1479.3386,37.1279,271.7667,0.000984407,0.00283191,0.00355573,0.00465102,2.2848e-06,1.82708e-06,-6.13203e-07,0.000173447,0.000220606,0.0161943,0.0101142,0.0159063,0.0164013,0.0249862,4.90859e-05,2.70764e-05,-8.13813e-06,23.1,1024,23.9,
1448.6342,-82.2915,264.0443,0.00102941,0.00255232,0.0033681,0.0043495,2.07177e-06,1.62294e-06,-6.22228e-07,0.000143549,0.000177604,0.0132102,0.0103252,0.0158178,0.0164373,0.0250399,5.48736e-05,2.7255e-05,-9.32234e-06,23.1,1024,23.9,
2978.7526,-208.9416,279.3100,0.00172353,0.00654487,0.00432231,0.00803046,1.08755e-05,1.96408e-06,-5.33576e-08,0.000128836,0.000213333,0.0209003,0.0123659,0.0233404,0.0239261,0.0356392,0.000106398,4.48573e-05,-1.1485e-05,23.1,1024,23.9,
3101.9513,-219.2069,283.6831,0.00142936,0.00536277,0.00423878,0.00698353,7.13403e-06,1.7692e-06,-2.34804e-07,0.000105803,0.000183143,0.0181842,0.0125247,0.0239508,0.0245343,0.0365026,0.000110929,4.59097e-05,-1.15475e-05,23.1,1024,24.3,
2988.0679,-86.4938,285.5685,0.000999457,0.00373342,0.00544999,0.0066813,3.07067e-06,2.89037e-06,-9.13349e-07,0.00011653,0.000264367,0.0241276,0.0121196,0.0233538,0.0238277,0.0354972,9.5432e-05,4.4331e-05,-1.01579e-05,23.1,1024,24.7,
2978.3199,-209.5380,279.1589,0.00229083,0.0085679,0.00698674,0.0112903,1.85759e-05,4.97034e-06,-7.83049e-07,0.000211024,0.000259713,0.0280624,0.0123668,0.0233385,0.0239248,0.0356373,0.00010644,4.48664e-05,-1.14942e-05,23,1024,24.4,
3059.2112,1230.9325,316.5530,0.00164177,0.0167122,0.013844,0.0217635,-1.53418e-05,1.82799e-05,2.49666e-06,0.000428547,0.000498559,0.0544292,0.0111718,0.0235749,0.0236261,0.0351963,-2.4134e-05,4.20606e-05,2.2602e-06,23,1024,24.6,
3182.8253,1237.4699,319.7631,0.00102265,0.00892742,0.00961999,0.0131639,-4.41836e-06,8.59504e-06,2.50935e-07,0.000195833,0.00036898,0.0354711,0.0113242,0.024193,0.0242436,0.0360734,-2.556e-05,4.31235e-05,2.31754e-06,23,1024,24.4,
3052.3520,1354.1615,322.9664,0.00155905,0.013133,0.0119829,0.0178465,-1.40035e-05,1.34989e-05,1.59818e-06,0.000280273,0.000319053,0.0351572,0.0112375,0.023549,0.0236336,0.0352049,-3.53951e-05,4.14094e-05,3.31296e-06,23,1024,24.6,
3059.2496,1230.9191,316.4419,0.000797584,0.00761854,0.0065397,0.010072,-3.18867e-06,4.07962e-06,4.84009e-07,0.000231703,0.000262912,0.0290059,0.011172,0.0235751,0.0236263,0.0351966,-2.41329e-05,4.20714e-05,2.26062e-06,23,1024,24.4,
3170.0778,2791.6182,357.0503,0.00428977,0.0110351,0.0110957,0.0162263,-4.55687e-05,9.09817e-06,3.70197e-06,0.000294816,0.000319609,0.0392641,0.0141822,0.0244582,0.0258029,0.038277,-0.000175145,4.00173e-05,1.50447e-05,23,1024,24.3,
3293.0716,2777.9501,360.3066,0.00272032,0.00708233,0.0109423,0.0133151,-1.81683e-05,9.09574e-06,2.22228e-06,0.00020761,0.000437618,0.0446677,0.0142689,0.0250536,0.0263546,0.0390621,-0.000179151,4.08918e-05,1.48794e-05,23,1024,24.3,
3183.5072,2914.3866,363.9974,0.00540239,0.0126413,0.0226894,0.0265291,-6.32875e-05,3.91344e-05,9.9543e-06,0.000250961,0.000553736,0.0554967,0.0145625,0.0245675,0.0260878,0.0386808,-0.000187963,3.95448e-05,1.58298e-05,23,1024,24.7,
3170.1128,2791.6440,356.9679,0.00272617,0.00692703,0.00813102,0.011024,-1.7907e-05,4.99947e-06,1.68518e-06,0.000241698,0.000315932,0.0359348,0.0141823,0.0244583,0.0258031,0.0382773,-0.000175149,4.00257e-05,1.50479e-05,23,1024,24.7,
-73.4132,51.5296,556.2966,0.00208497,0.00356294,0.00168991,0.00446065,7.33604e-06,3.83787e-07,6.70787e-09,0.000219922,0.000267771,0.0111246,0.0089315,0.0113741,0.0124444,0.0190789,4.3306e-05,1.02531e-05,-5.97312e-06,23,1024,24.8,
7.9127,-41.6630,552.0140,0.000658648,0.00104633,0.00212428,0.00245789,6.25867e-07,4.09436e-07,-2.99081e-07,0.000178475,0.0002427,0.0102883,0.00911529,0.0113243,0.01245,0.0191398,4.34611e-05,9.5148e-06,-5.80597e-06,23,1024,24.9,
19.6204,132.3247,563.4585,0.00170497,0.00331021,0.00385229,0.00535766,5.34984e-06,1.44919e-06,-7.46325e-07,0.000280834,0.000383063,0.0156016,0.00866663,0.0116117,0.0124508,0.019104,3.97096e-05,9.94954e-06,-4.99342e-06,23,1024,24.8,
-73.4231,51.5082,556.2927,0.00283372,0.00485954,0.00211992,0.00601158,1.37001e-05,6.45259e-07,6.63058e-08,3.52829e-05,0.000193812,0.0063246,0.00893157,0.011374,0.0124444,0.0190789,4.33066e-05,1.02532e-05,-5.97335e-06,23,1024,24.6,
136.3208,1465.0877,598.4306,0.000408314,0.00115356,0.00126829,0.00176238,-3.50593e-07,1.38756e-07,3.51869e-08,3.25408e-05,0.000205769,0.00678474,0.00786158,0.0121515,0.0124654,0.019101,-2.5836e-05,9.03248e-06,2.48382e-06,23,1024,24.5,
260.0447,1468.4328,597.2402,0.000678352,0.00100299,0.00148966,0.0019197,-1.55188e-07,1.57986e-07,2.08439e-08,2.53564e-05,9.76455e-05,0.00360809,0.00793927,0.0121941,0.0124697,0.019163,-2.40467e-05,8.39796e-06,2.17417e-06,23,1024,24.4,
133.0799,1588.2947,605.3807,0.000455815,0.0010946,0.00113817,0.00164358,-3.90853e-07,1.01003e-07,3.55668e-08,3.38398e-05,0.000160931,0.00545014,0.00811603,0.0120091,0.0124694,0.01912,-3.09273e-05,8.30528e-06,2.86065e-06,23,1024,24.4,
136.3149,1465.0850,598.3755,0.000447836,0.001428,0.00110771,0.00186193,-5.51534e-07,1.01421e-07,4.46626e-08,6.7779e-05,0.000131253,0.00481094,0.00786161,0.0121514,0.0124654,0.019101,-2.58356e-05,9.03537e-06,2.4846e-06,23,1024,24.5,
221.2396,2953.5308,640.7494,0.00560827,0.00529371,0.0108088,0.0132781,-2.93815e-05,4.31149e-06,3.51347e-06,0.000413096,0.000482029,0.0302947,0.0114881,0.0111982,0.0136618,0.0210718,-5.74763e-05,3.75993e-06,3.96944e-06,23,1024,24.7,
344.6870,2962.1727,639.7880,0.00263924,0.00264672,0.00256926,0.00453562,-6.90536e-06,1.47084e-07,2.78358e-07,0.000201188,0.00023666,0.0153232,0.0116592,0.0116713,0.0141229,0.0217166,-6.29951e-05,4.13143e-06,4.11038e-06,23,1024,24.6,
212.8418,3076.6875,647.7837,0.00158445,0.00140376,0.00152714,0.0026102,-2.21978e-06,4.75593e-08,9.27474e-08,0.000153184,0.000153612,0.0106737,0.0119612,0.011309,0.014087,0.0216658,-6.21294e-05,3.61535e-06,4.07274e-06,23,1024,24.7,
221.3012,2953.5618,640.7534,0.000647037,0.000615281,0.00178424,0.00199518,-3.25095e-07,1.23428e-07,8.59101e-08,2.78756e-05,0.000113075,0.00555778,0.0114883,0.0111985,0.0136621,0.0210722,-5.74801e-05,3.76e-06,3.96944e-06,23,1024,24.8,
1651.1755,2881.5861,650.7212,0.000786572,0.00134828,0.00298327,0.00336697,-1.05059e-06,2.89479e-07,5.34483e-08,4.71182e-05,0.000157697,0.0109764,0.0127783,0.0172346,0.0190987,0.0287242,-0.000116488,7.26246e-06,4.19525e-06,23,1024,24.9,
1774.6086,2890.5416,649.2601,0.00088793,0.0015041,0.00353658,0.00394438,-1.21422e-06,4.03664e-07,5.79203e-08,5.74925e-05,0.00017629,0.0127639,0.0129375,0.0178139,0.0196571,0.0295146,-0.000122657,7.70393e-06,4.31022e-06,23,1024,24.6,
1642.2529,3004.8141,657.0499,0.00188816,0.00304347,0.00574862,0.00677307,-5.71537e-06,9.77524e-07,2.46031e-07,0.000120435,0.000233368,0.0177677,0.0131906,0.0172728,0.0193765,0.0291168,-0.000124315,6.8932e-06,4.25047e-06,23,1024,24.6,
1651.1759,2881.5868,650.7416,0.00195269,0.00336759,0.00405505,0.00562112,-6.55744e-06,4.53401e-07,2.39231e-07,0.000139259,0.000289568,0.0214287,0.0127783,0.0172346,0.0190987,0.0287242,-0.000116488,7.26122e-06,4.19453e-06,23,1024,24.6,
1559.8262,1428.2994,610.6908,0.000323438,0.00178782,0.00257893,0.00315465,-4.55114e-07,3.29546e-07,-1.10997e-08,7.4874e-05,0.000196145,0.0119111,0.00928525,0.01612,0.0162395,0.024694,-2.53957e-05,8.80585e-06,1.25005e-06,23,1024,24.9,
1682.2038,1409.4990,608.3612,0.000434237,0.00142852,0.00238596,0.00281461,-2.52578e-07,2.71926e-07,-2.61431e-08,3.60157e-05,0.000185211,0.0110951,0.00941884,0.0167244,0.0168326,0.0255295,-2.57313e-05,9.43591e-06,1.2373e-06,23,1024,24.9,
1578.6761,1550.1802,618.4091,0.000276392,0.00144036,0.00203717,0.00251019,-3.73663e-07,1.94182e-07,3.57522e-10,7.21479e-05,0.000161295,0.0101406,0.00944714,0.0162431,0.0164291,0.02496,-3.25018e-05,8.47582e-06,1.51601e-06,23,1024,24.9,
1559.8457,1428.2883,610.6910,0.000568377,0.00150383,0.00286227,0.00328286,-2.88608e-07,3.98729e-07,-4.40563e-08,1.7217e-05,0.000213039,0.0121259,0.00928527,0.0161201,0.0162396,0.0246941,-2.53953e-05,8.80591e-06,1.25003e-06,23,1024,24.9,
1504.5383,-34.9033,569.5981,0.000363779,0.00108046,0.00228068,0.00254975,3.60843e-07,2.80517e-07,-1.54462e-07,4.86669e-05,0.000181585,0.0108932,0.010092,0.0160414,0.016579,0.0251801,5.48947e-05,1.09975e-05,-3.50492e-06,23,1024,24.9,
1624.8243,-64.0543,566.9026,0.000795827,0.00230335,0.00283481,0.0037383,1.62954e-06,4.3634e-07,-1.74625e-07,0.000121423,0.000193699,0.0137393,0.0102991,0.0166382,0.0171959,0.02605,5.96508e-05,1.17661e-05,-3.71683e-06,23,1024,24.9,
1533.5274,85.0054,576.9537,0.000628253,0.00146598,0.00281033,0.00323137,5.20172e-07,4.06775e-07,-2.06429e-07,8.19495e-05,0.000138886,0.00932512,0.00988497,0.01613,0.0165465,0.0251332,4.87378e-05,1.06805e-05,-2.97092e-06,23,1024,24.9,
1504.5002,-34.8780,569.5639,0.00120942,0.00367661,0.00398289,0.0055537,4.25491e-06,9.05031e-07,-3.04813e-07,0.00012455,0.000300199,0.0188324,0.0100919,0.0160412,0.0165788,0.0251798,5.48922e-05,1.09992e-05,-3.50541e-06,23,1024,24.9,
2973.8209,-187.8377,580.4035,0.000750603,0.00222144,0.00405338,0.00468274,1.15613e-06,5.78942e-07,-3.31953e-07,4.45343e-05,0.00019426,0.0166052,0.0121363,0.0232968,0.023854,0.035483,0.000105326,1.72765e-05,-4.32581e-06,23.1,1024,25,
3096.5821,-203.7172,579.6329,0.0011392,0.0035256,0.00896632,0.00970167,2.87534e-06,2.75298e-06,-1.80317e-06,0.000106897,0.000322922,0.0290706,0.0123121,0.0239073,0.0244687,0.0363575,0.000110282,1.79155e-05,-4.42972e-06,23.1,1024,25,
2989.5060,-65.3490,587.6980,0.00393728,0.0175747,0.0103562,0.0207755,6.88278e-05,4.7739e-06,2.56066e-06,0.000367015,0.000363481,0.0429361,0.0118989,0.023344,0.0237893,0.0353901,9.44272e-05,1.66561e-05,-3.7168e-06,23.1,1024,25,
2973.7600,-187.7927,580.3625,0.000459422,0.00172772,0.00454599,0.00488489,7.26043e-07,7.27205e-07,-4.74079e-07,4.32845e-05,0.000223111,0.0189354,0.0121362,0.0232965,0.0238537,0.0354826,0.000105321,1.72799e-05,-4.32657e-06,23.1,1024,25,
3056.9796,1243.1120,620.6018,0.000284441,0.00188801,0.00271138,0.00331619,-2.06251e-07,2.33719e-07,-5.07505e-08,5.56588e-05,0.000136951,0.0121817,0.0109897,0.0235639,0.0235979,0.0351125,-2.54687e-05,1.38177e-05,7.97815e-07,23.1,1024,25.4,
3179.3223,1262.4296,620.3231,0.000646574,0.00949258,0.00772527,0.0122559,-5.46951e-06,1.8052e-06,6.32942e-07,0.000229534,0.000233773,0.027702,0.0111529,0.0241764,0.0242141,0.035989,-2.81418e-05,1.42923e-05,8.6147e-07,23.1,1024,25.4,
3037.5887,1365.0321,626.9528,0.000731906,0.00564417,0.00678018,0.0088523,-2.6776e-06,1.40087e-06,-1.19024e-07,0.000126224,0.000208056,0.0200072,0.0110477,0.0234761,0.0235444,0.0350359,-3.65816e-05,1.31674e-05,1.1057e-06,23.1,1024,25.3,
3057.0612,1243.1242,620.5576,0.000285847,0.00433868,0.00419776,0.00604376,-1.09799e-06,5.54781e-07,5.36861e-08,0.000134576,0.000164605,0.0175207,0.0109898,0.0235643,0.0235983,0.0351131,-2.54703e-05,1.38221e-05,7.98088e-07,23.1,1024,25.5,
3217.9365,2777.6753,660.4650,0.00221587,0.00596895,0.00257062,0.00686633,-1.32219e-05,-6.22492e-08,5.66505e-07,0.000226548,7.56976e-05,0.0216716,0.0140801,0.0246847,0.0259875,0.0385088,-0.000177147,1.07057e-05,3.96894e-06,23.1,1024,25.5,
3339.8175,2798.6376,660.1197,0.00221948,0.00591982,0.00783827,0.0100702,-1.2765e-05,1.30649e-06,1.01252e-07,0.000189234,0.000222783,0.0271408,0.0142698,0.0252872,0.0265954,0.039375,-0.000184572,1.10611e-05,4.04704e-06,23.1,1024,25.5,
3196.6555,2899.2126,667.1840,0.00142712,0.00355632,0.00783867,0.00872519,-5.04098e-06,1.40119e-06,-2.57067e-07,9.16546e-05,0.000256525,0.0248277,0.0144261,0.0246234,0.0261062,0.0386776,-0.00018841,1.00132e-05,3.9794e-06,23.1,1024,25.5,
3217.7320,2777.5548,660.4645,0.0021605,0.00580743,0.00429178,0.00753747,-1.25126e-05,2.49559e-07,4.39341e-07,0.000166619,0.000123712,0.0188398,0.0140795,0.0246836,0.0259863,0.0385072,-0.000177126,1.07052e-05,3.96866e-06,23.1,1024,25.5,
1886.8548,1777.8246,622.4995,0.000625924,0.0026759,0.00323089,0.00424157,-1.63588e-06,4.23363e-07,4.65383e-08,0.000102149,0.000194336,0.0139299,0.0101652,0.0178306,0.0181659,0.0274091,-5.17958e-05,9.44157e-06,2.14899e-06,23.1,1024,25.7,
2010.5836,1773.9493,621.2330,0.00120671,0.00490646,0.00496565,0.00708429,-5.22721e-06,9.40724e-07,2.15986e-07,0.000200856,0.000230087,0.0200174,0.0103083,0.0184398,0.0187651,0.0282563,-5.40312e-05,9.97976e-06,2.18432e-06,23.1,1024,25.7,
1890.6707,1901.1712,629.3440,0.000426282,0.00154625,0.00314608,0.00353135,-6.30358e-07,3.97812e-07,-2.21979e-08,6.00521e-05,0.000209016,0.013923,0.0103935,0.0178893,0.0183313,0.0276422,-5.99737e-05,9.04471e-06,2.37132e-06,23.1,1024,25.7,
1886.8547,1777.8073,622.4327,0.00157321,0.00633319,0.00533461,0.00842866,-9.07283e-06,1.05963e-06,4.77917e-07,0.000219424,0.000317462,0.0244856,0.0101652,0.0178306,0.0181659,0.0274091,-5.17946e-05,9.44585e-06,2.14991e-06,23.1,1024,25.7,
908.1124,2098.2737,622.7709,0.000616161,0.00123284,0.00228978,0.00267257,-6.2892e-07,2.69856e-07,5.86589e-08,5.93751e-05,0.000179525,0.00925476,0.0096314,0.013261,0.0140093,0.021561,-4.55174e-05,5.95351e-06,2.61492e-06,23.1,1024,25.8,
1031.8509,2098.8878,621.2510,0.000988901,0.00233442,0.00238701,0.00348213,-2.28788e-06,2.63159e-07,1.23018e-07,9.19198e-05,0.000212114,0.0117737,0.00978683,0.0138406,0.0145782,0.0223577,-4.90238e-05,6.47154e-06,2.71323e-06,23.1,1024,25.9,
907.5249,2221.6256,630.6688,0.000848711,0.00169296,0.0037714,0.00422018,-1.39443e-06,6.96925e-07,1.53592e-07,4.60974e-05,0.000360169,0.0180953,0.00993775,0.0133485,0.0142658,0.0219193,-5.11184e-05,5.70095e-06,2.77938e-06,23.1,1024,25.9,
908.0914,2098.2735,622.7301,0.00369387,0.00829339,0.00393395,0.00989449,-3.01208e-05,2.97905e-07,1.29313e-06,0.000290274,0.0002459,0.0186339,0.00963138,0.0132609,0.0140092,0.0215609,-4.55167e-05,5.95509e-06,2.61563e-06,23.1,1024,25.9,
887.6038,836.2735,588.4392,0.000125595,0.00136397,0.00146229,0.00200362,9.54468e-08,1.51856e-07,-1.26616e-08,2.98891e-05,7.84722e-05,0.00373944,0.00823418,0.0127172,0.0127386,0.019794,4.87653e-06,6.77165e-06,-3.63808e-07,23.1,1024,26.1,
1005.2788,797.9494,585.5698,0.000345739,0.00160066,0.00142173,0.00216864,1.57379e-07,1.33069e-07,6.44598e-10,4.64912e-05,0.000151019,0.00736653,0.00839594,0.0133094,0.0133362,0.0206273,6.84283e-06,7.46924e-06,-4.90761e-07,23.1,1024,26.1,
925.8746,953.4335,595.8922,0.000102899,0.00205916,0.00151582,0.00255899,2.59326e-08,1.54991e-07,3.18911e-08,5.13763e-05,7.39666e-05,0.00406444,0.0082597,0.0129008,0.0129117,0.0200341,5.50061e-07,6.66614e-06,-4.97317e-08,23.1,1024,26.2,
887.6020,836.2627,588.4224,0.000143611,0.00128562,0.00179958,0.00221629,8.28336e-08,2.2899e-07,-3.88693e-08,6.34638e-05,0.000140249,0.00685526,0.00823419,0.0127172,0.0127386,0.019794,4.87692e-06,6.77227e-06,-3.63872e-07,23.1,1024,26.2,
2105.5325,821.2315,598.0183,0.000532351,0.00710887,0.0040789,0.00821321,1.98977e-06,7.73278e-07,5.44079e-07,0.000189317,0.000180581,0.0172429,0.009756,0.0188033,0.0188175,0.0283344,1.00952e-05,1.18491e-05,-4.73774e-07,23.1,1024,26.2,
2228.5277,807.7206,595.6050,0.000184404,0.00330324,0.00275611,0.00430599,4.52056e-07,3.42383e-07,4.20125e-08,0.000141039,0.000102199,0.0118246,0.00991474,0.0194188,0.0194345,0.0292077,1.1521e-05,1.25543e-05,-5.29743e-07,23.1,1024,26.2,
2118.9212,943.8662,605.2612,0.000343723,0.00138271,0.00244373,0.00282875,8.42016e-09,2.55189e-07,-7.06502e-08,5.49337e-05,0.000144476,0.0101882,0.00974687,0.018866,0.01887,0.0284079,1.66203e-06,1.14015e-05,-8.34611e-08,23.1,1024,26.2,
2105.5129,821.2420,597.9952,0.000155358,0.001932,0.00300441,0.00357536,1.40784e-07,4.08175e-07,-1.05712e-07,5.37631e-05,0.000149275,0.0104296,0.00975598,0.0188032,0.0188174,0.0283343,1.00944e-05,1.18506e-05,-4.73806e-07,23.1,1024,26.3,
2396.8995,1953.6057,632.5661,0.00121823,0.00385133,0.00652514,0.00767426,-3.46919e-06,1.44877e-06,-1.11889e-07,0.000162347,0.00025694,0.0221445,0.011096,0.0203967,0.0208485,0.0312059,-7.57566e-05,1.0561e-05,2.56016e-06,23.1,1024,26.2,
2515.7602,1988.2635,632.0005,0.000985477,0.00367902,0.00331518,0.00504944,-3.26823e-06,3.24208e-07,1.36789e-07,8.46539e-05,0.000161845,0.0136917,0.0113051,0.0209927,0.0214668,0.0320831,-8.14411e-05,1.1012e-05,2.68492e-06,23.1,1024,26.3,
2362.1123,2072.0497,638.7069,0.000882528,0.00317907,0.00387922,0.00509252,-2.77663e-06,4.74914e-07,5.81442e-08,0.000167077,0.000170875,0.0173817,0.0112994,0.0202607,0.0208284,0.0311768,-8.41123e-05,9.99869e-06,2.73978e-06,23.1,1024,26.3,
2396.9183,1953.5804,632.5433,0.000964527,0.00332237,0.00512734,0.00618532,-2.62328e-06,8.90072e-07,-3.57716e-08,9.64911e-05,0.000228819,0.0180798,0.011096,0.0203968,0.0208486,0.031206,-7.57551e-05,1.05628e-05,2.56052e-06,23.1,1024,26.3,
2284.2314,1920.3986,327.6946,0.00273743,0.0109474,0.00598741,0.0127745,-2.86752e-05,3.4265e-06,2.38832e-06,0.000307678,0.000287623,0.0299617,0.0110647,0.0198328,0.0202887,0.0304532,-6.96022e-05,3.28622e-05,7.8592e-06,23.1,1024,26.3,
2404.6996,1948.8895,331.4557,0.000991929,0.00382176,0.00357845,0.0053287,-3.49167e-06,1.29655e-06,3.56508e-07,9.1304e-05,0.000131377,0.0117237,0.0112575,0.0204348,0.0209055,0.0313266,-7.46683e-05,3.3892e-05,8.10422e-06,23.1,1024,26.3,
2255.4486,2040.4290,334.3595,0.00549798,0.0197223,0.0103792,0.0229548,-0.000105783,9.78321e-06,8.02009e-06,0.000483949,0.000299223,0.0404964,0.0112638,0.0197283,0.0202984,0.0304648,-7.78354e-05,3.21361e-05,8.72905e-06,23.1,1024,26.4,
2284.2279,1920.4018,327.7176,0.0010062,0.00388404,0.00345143,0.0052925,-3.60716e-06,1.24769e-06,3.69036e-07,9.50898e-05,0.000142005,0.0121575,0.0110647,0.0198328,0.0202887,0.0304532,-6.96025e-05,3.28604e-05,7.85882e-06,23,1024,26.4,
1027.7238,1441.4437,301.8772,0.000694775,0.00265426,0.00302048,0.00408058,-1.20265e-06,1.54973e-06,2.37012e-07,9.53452e-05,0.000232859,0.0121348,0.00884511,0.0134888,0.0136913,0.0211574,-1.89194e-05,1.96381e-05,3.37174e-06,23,1024,26.4,
1151.3714,1435.6067,304.7578,0.000624772,0.0019989,0.00235411,0.00315084,-6.22865e-07,8.75254e-07,1.18709e-07,5.22857e-05,0.000198204,0.0103104,0.00899193,0.0140977,0.0142883,0.0219944,-2.02319e-05,2.10032e-05,3.40695e-06,23,1024,26.5,
1033.2202,1564.6200,309.8883,0.000635686,0.0016189,0.00253719,0.00307607,-5.2976e-07,1.04635e-06,1.65653e-07,2.98407e-05,0.000199287,0.00981544,0.00898579,0.0135617,0.0138345,0.0213555,-2.41151e-05,1.94805e-05,4.23191e-06,23,1024,26.5,
1027.7246,1441.4457,301.8759,0.000897392,0.00310671,0.00416601,0.00527376,-1.63682e-06,2.95948e-06,3.86562e-07,8.2557e-05,0.000303093,0.0151495,0.00884512,0.0134888,0.0136913,0.0211574,-1.89195e-05,1.96382e-05,3.37176e-06,23,1024,26.5,
1956.2180,914.2746,296.3268,0.000377162,0.00190622,0.00287208,0.00346768,4.13068e-08,1.08018e-06,-9.66373e-08,4.63045e-05,0.000193707,0.0126584,0.0097648,0.0180553,0.018096,0.0273644,3.41475e-06,3.09665e-05,-5.52874e-07,23.1,1024,26.6,
2079.8478,906.6119,298.0077,0.000777277,0.00199814,0.0061612,0.00652358,-1.83839e-08,4.78471e-06,-6.64304e-07,0.000102295,0.000210178,0.0153697,0.00991664,0.0186736,0.0187116,0.0282341,4.09927e-06,3.23225e-05,-6.22671e-07,23.1,1024,26.6,
1963.6167,1037.4482,303.7292,0.000532138,0.0035273,0.00409619,0.00543174,-2.43904e-07,2.16197e-06,-3.67376e-08,8.38727e-05,0.00020971,0.0143813,0.00976845,0.0180913,0.0181328,0.0274138,-4.47068e-06,3.057e-05,4.96669e-07,23,1024,26.5,
1956.2859,914.2607,296.2426,0.000666933,0.0023468,0.00331144,0.00411314,6.27021e-08,1.40226e-06,-1.16422e-07,9.92805e-05,0.000208517,0.0146786,0.00976497,0.0180556,0.0180963,0.0273649,3.4157e-06,3.09728e-05,-5.53112e-07,23.1,1024,26.6,
