dVal1,dVal2,dVal3,dStd1,dStd2,dStd3,dStdTotal,dCovar12,dCovar13,dCovar23,dPointingErrorH,dPointingErrorV,dPointingErrorD,dAprioriStd1,dAprioriStd2,dAprioriStd3,dAprioriStdTotal,dAprioriCovar12,dAprioriCovar13,dAprioriCovar23,dTemperature,dPressure,dHumidity,
-1155.7211,2054.6492,-730.8455,0.00360124,0.00225113,0.00374057,0.00565936,6.50145e-06,-2.11558e-06,3.76109e-06,0.000354135,0.00032183,0.0206129,0.0112211,0.0094854,0.0121771,0.0190832,2.95736e-05,-1.26019e-05,2.24037e-05,23.2,997,44.3,
-1260.5040,2120.3053,-727.9271,0.00230124,0.00155961,0.00315575,0.00420558,2.63268e-06,-1.50179e-06,2.52617e-06,0.000110567,0.000273402,0.0132378,0.0114918,0.00976609,0.0125507,0.0196204,3.37301e-05,-1.35776e-05,2.2839e-05,23.2,997,44.3,
-1220.9338,1949.7116,-729.8254,0.00295075,0.00217185,0.00461418,0.0058919,4.11047e-06,-3.58489e-06,5.72471e-06,0.000231237,0.000363097,0.0181326,0.0110655,0.00960186,0.0121589,0.0190389,3.1164e-05,-1.40713e-05,2.24705e-05,23.2,997,44.3,
-0.4289,123.5603,-0.0058,0.00208188,0.00417626,0.00158807,0.00492923,8.33446e-06,6.14764e-07,-6.73575e-07,0.000152622,0.000217479,0.0111914,0.00932919,0.0113387,0.0121195,0.0190389,2.7132e-05,2.50649e-05,-1.20574e-05,23.2,997,44.1,
-0.0215,0.0262,-0.0692,0.000859702,0.0011995,0.00189228,0.00239971,5.81586e-07,1.0414e-06,-5.28592e-07,3.39728e-05,0.000307294,0.0133176,0.00950088,0.0112473,0.0121407,0.0190831,2.89683e-05,2.37049e-05,-1.28044e-05,23.2,997,44.1,
140.2737,1500.7290,-9.8329,0.00165491,0.00382048,0.00441712,0.00607007,-2.02962e-06,6.74556e-06,1.15887e-06,0.000241671,0.00026779,0.0148329,0.00867039,0.0118158,0.0120849,0.0189956,-1.10667e-05,2.86792e-05,4.86221e-06,23.2,997,44.2,
264.0122,1499.7841,-9.5564,0.000699205,0.00277839,0.00165179,0.00330708,-1.17897e-06,8.99339e-07,1.19726e-07,0.000195042,0.000146843,0.0105307,0.00872542,0.0118856,0.0121331,0.0190948,-1.053e-05,2.68427e-05,4.30071e-06,23.2,996.9,44.3,
141.0665,1624.2462,-9.8304,0.00175203,0.00638839,0.00297916,0.00726337,-8.918e-06,3.02663e-06,5.7665e-07,0.000316656,0.000268482,0.0172387,0.00876257,0.0117706,0.0120951,0.0190164,-1.45166e-05,2.79973e-05,6.30249e-06,23.2,997,44.2,
140.2477,1500.7142,-9.8440,0.00160393,0.00529786,0.00380591,0.00671751,-4.40773e-06,5.00108e-06,7.81952e-07,0.000306742,0.000236966,0.0159387,0.00867038,0.0118158,0.0120849,0.0189956,-1.10662e-05,2.86799e-05,4.8622e-06,23.2,997,44.2,
168.3677,2994.5699,-19.5495,0.00796134,0.00946073,0.00653723,0.0139866,-7.20226e-05,8.33098e-06,8.15837e-06,0.000679272,0.000331061,0.0396047,0.0117777,0.0126742,0.0146681,0.0226826,-6.17937e-05,2.90115e-05,2.41586e-05,23.2,997,44,
291.9777,2990.0604,-19.8339,0.00493255,0.00599625,0.00810023,0.0112205,-2.47985e-05,1.36408e-05,1.06499e-05,0.000398335,0.000493536,0.0342359,0.0119142,0.0131664,0.0151219,0.0233233,-6.67517e-05,3.11433e-05,2.45241e-05,23.1,997,44,
172.8354,3118.0853,-20.1388,0.00121367,0.00124816,0.00334,0.00376649,-5.8423e-07,2.23726e-06,1.87075e-06,5.1126e-05,0.000253019,0.0138959,0.012212,0.0128294,0.0150788,0.0232615,-6.754e-05,2.95473e-05,2.61817e-05,23.1,996.9,44.1,
168.3617,2994.5657,-19.5617,0.00396175,0.00469524,0.00350556,0.00707317,-1.75306e-05,2.40385e-06,2.28092e-06,0.000296008,0.000210452,0.0190355,0.0117777,0.0126742,0.0146681,0.0226826,-6.17931e-05,2.90119e-05,2.41589e-05,23.1,996.9,44.1,
1660.1266,2911.0265,-28.5346,0.00233502,0.00441925,0.00550113,0.00743267,-8.74772e-06,5.28233e-06,2.50593e-06,0.000160649,0.000242868,0.0213087,0.0132241,0.0192228,0.0206723,0.0311727,-0.000120871,5.64473e-05,2.69842e-05,23.1,996.9,44.1,
1783.7395,2905.7834,-28.4853,0.00163891,0.00289249,0.00559312,0.00650657,-3.3504e-06,5.38569e-06,2.43029e-06,0.000120691,0.000270474,0.0222408,0.0133413,0.0198049,0.0212159,0.0319427,-0.000125799,5.87645e-05,2.71117e-05,23.1,996.9,44,
1665.2003,3034.5828,-28.9258,0.00876707,0.016929,0.0088676,0.0210259,-0.00014487,1.29773e-05,7.66913e-06,0.000445141,0.000311317,0.04031,0.0136063,0.0193176,0.0209667,0.0315896,-0.000130168,5.67931e-05,2.8991e-05,23.1,996.9,44,
1660.1282,2910.9587,-28.5602,0.00314596,0.00575854,0.00886196,0.0110269,-1.44787e-05,1.37919e-05,6.47984e-06,0.000235544,0.000338839,0.0302103,0.0132239,0.0192228,0.0206722,0.0311725,-0.000120866,5.6449e-05,2.6984e-05,23.1,996.8,44.1,
1601.9876,1410.1530,-16.5287,0.00198327,0.0209358,0.00540056,0.0217119,-3.3604e-05,6.44187e-06,-2.19062e-06,0.000504901,0.000295155,0.038261,0.0103185,0.0183781,0.0184368,0.0280025,-1.75667e-05,5.26655e-05,4.06058e-06,23.1,996.8,44,
1725.6364,1405.2508,-16.7323,0.00087475,0.00353678,0.00404281,0.00544227,-8.41617e-07,3.38411e-06,2.7269e-07,0.000122275,0.000282704,0.0207975,0.0104652,0.0189945,0.0190446,0.0288618,-1.81236e-05,5.50943e-05,4.03687e-06,23.1,996.8,44.1,
1606.6786,1533.6254,-16.0092,0.00101242,0.00574891,0.00258586,0.00638449,-3.57365e-06,1.36334e-06,-2.84637e-09,0.000152263,0.000131841,0.0132312,0.0104073,0.0184195,0.0185159,0.0281145,-2.55202e-05,5.27787e-05,5.835e-06,23.1,996.8,44.2,
1602.0150,1410.1657,-16.5052,0.000662262,0.00223805,0.00299527,0.00379725,-3.41336e-07,1.91787e-06,1.7337e-07,8.0125e-05,0.000267621,0.018276,0.0103185,0.0183782,0.018437,0.0280027,-1.75678e-05,5.26645e-05,4.06064e-06,23.1,996.8,44.2,
1492.1190,-90.3914,-7.1494,0.000817356,0.00207106,0.00203945,0.00301939,1.41838e-06,8.12564e-07,-2.87898e-07,9.06265e-05,9.8987e-05,0.00897066,0.0115471,0.0181085,0.0188552,0.0285792,7.63628e-05,5.09425e-05,-1.73921e-05,23,996.8,44.1,
1614.8998,-105.9915,-7.8119,0.00166271,0.00382617,0.00544607,0.00686031,4.58994e-06,5.71794e-06,-1.69492e-06,0.000197036,0.000246057,0.0217245,0.0117251,0.0187095,0.0194552,0.0294283,8.11878e-05,5.33167e-05,-1.78257e-05,23,996.8,44,
1507.4376,32.2860,-7.2626,0.00290231,0.00885229,0.00512018,0.0106303,2.37154e-05,4.96763e-06,-2.44563e-06,0.000282218,0.000318977,0.0282965,0.0112991,0.0181283,0.0187385,0.0284154,6.88209e-05,5.10492e-05,-1.56051e-05,23,996.8,44.1,
1492.1320,-90.3623,-7.1731,0.00264267,0.00700463,0.00558484,0.00934018,1.64122e-05,5.99782e-06,-2.436e-06,0.000211734,0.000275674,0.0232344,0.0115471,0.0181086,0.0188552,0.0285793,7.63611e-05,5.09443e-05,-1.73922e-05,23,996.8,44,
3006.1400,-165.7327,-10.3012,0.0015332,0.00392444,0.00751192,0.00861283,3.68782e-06,8.29098e-06,-1.5366e-06,0.000111849,0.000273731,0.0272543,0.013426,0.0255447,0.0261707,0.0389576,0.000129934,7.96765e-05,-2.03081e-05,23,996.8,44.1,
3129.3270,-177.4078,-7.1468,0.00138058,0.00511188,0.00353894,0.00636879,6.51563e-06,1.71453e-06,-6.47767e-07,0.000134612,0.0001676,0.0202651,0.0135844,0.0261553,0.0267792,0.0398216,0.000135095,8.16566e-05,-2.0506e-05,23,996.9,44.1,
3017.5173,-42.6835,-9.4934,0.00845503,0.0258488,0.0403049,0.0486223,0.000148496,0.000239898,-4.24748e-05,0.00062532,0.000970453,0.106041,0.0131779,0.025571,0.0260801,0.0388291,0.000117811,7.97115e-05,-1.83441e-05,23,996.9,44.2,
3006.2114,-165.8039,-10.3365,0.0021558,0.00708288,0.00796743,0.0108763,1.2549e-05,9.22635e-06,-2.20529e-06,0.000167013,0.000201865,0.0241483,0.0134263,0.025545,0.0261711,0.0389582,0.000129944,7.96816e-05,-2.03103e-05,23,996.9,44.2,
3096.1394,1334.7039,-23.9809,0.00115074,0.00709398,0.005926,0.00931484,-1.93051e-06,5.34655e-06,1.01599e-07,0.000207245,0.000182384,0.0251196,0.0120877,0.0258349,0.0258223,0.0384753,-2.03507e-05,8.22514e-05,3.29107e-06,23,996.9,44.2,
3219.9487,1327.1124,-23.2731,0.001078,0.0123845,0.0060142,0.0138097,-5.71637e-06,5.44704e-06,-6.69214e-07,0.000210446,0.000225695,0.0287453,0.0122324,0.0264531,0.0264368,0.0393485,-2.01748e-05,8.45575e-05,3.18156e-06,23,996.9,44.2,
3103.5597,1457.8123,-23.1474,0.00155078,0.00669069,0.00953676,0.0117525,-2.62087e-06,1.39005e-05,1.20245e-06,0.000151631,0.000339206,0.0339393,0.0121553,0.0258791,0.0258902,0.0385718,-3.29097e-05,8.23263e-05,5.24827e-06,23,996.9,44.2,
3096.5377,1334.3237,-24.1849,0.00188138,0.0152673,0.00974242,0.0182083,-9.10446e-06,1.4512e-05,-4.43329e-07,0.000378206,0.00026495,0.0420314,0.0120884,0.0258369,0.0258242,0.0384781,-2.03139e-05,8.22803e-05,3.28594e-06,22.9,996.9,44.2,
3159.6317,2847.6265,-37.1411,0.00446006,0.0134566,0.00398244,0.0147252,-5.94407e-05,2.24832e-06,6.32304e-07,0.000294686,0.000140387,0.031594,0.0146417,0.0264371,0.027488,0.0408521,-0.000178626,8.57016e-05,2.81849e-05,22.9,997,44.2,
3283.0200,2838.6392,-35.9760,0.00219288,0.00610613,0.00734616,0.009801,-1.15542e-05,7.39423e-06,2.37378e-06,0.000217826,0.00023483,0.0316351,0.0147464,0.027039,0.0280589,0.0416637,-0.000182774,8.79358e-05,2.81051e-05,22.9,996.9,44.2,
3168.4628,2971.0196,-36.9984,0.00661387,0.018306,0.0108459,0.0222819,-0.000117014,1.61739e-05,5.68167e-06,0.000465946,0.000439681,0.0625401,0.0149907,0.0265201,0.0277277,0.041193,-0.000192205,8.59723e-05,3.02519e-05,22.9,996.9,44.2,
3159.6254,2847.6818,-37.1866,0.00317961,0.00940431,0.0053103,0.0112583,-2.8885e-05,3.95324e-06,1.25979e-06,0.000148407,0.000252271,0.0283293,0.0146419,0.0264371,0.0274881,0.0408522,-0.000178631,8.57064e-05,2.81874e-05,22.9,996.9,44.2,
-15.4104,69.9513,263.9834,0.00236558,0.00397683,0.00569395,0.00733705,7.43997e-06,6.42655e-06,-3.06286e-06,0.000234142,0.00042284,0.0198897,0.00922652,0.0115046,0.0123263,0.0192204,3.39619e-05,1.73983e-05,-8.96049e-06,22.9,996.9,44.3,
95.9669,15.9810,262.5116,0.00147479,0.00232762,0.00434953,0.0051489,2.40078e-06,3.61349e-06,-1.6119e-06,0.000103267,0.00029966,0.0136887,0.00930999,0.0115478,0.0123463,0.0192991,3.33406e-05,1.62076e-05,-8.3196e-06,22.9,996.9,44.3,
38.2243,181.1478,266.1246,0.000780525,0.00120301,0.00274494,0.00309696,5.17888e-07,1.54837e-06,-5.87566e-07,0.000101204,0.000226219,0.010174,0.00903304,0.0116595,0.0123276,0.0192226,3.12927e-05,1.77913e-05,-7.9928e-06,22.9,996.8,44.3,
-15.3993,69.9488,263.9515,0.00178624,0.0033288,0.00239028,0.00447046,5.61058e-06,1.0476e-06,-7.1203e-07,0.000197284,0.000246377,0.0129636,0.00922654,0.0115045,0.0123263,0.0192203,3.39612e-05,1.73992e-05,-8.96091e-06,22.9,996.9,44.3,
150.1789,1471.7279,254.9524,0.00057083,0.00275035,0.00136539,0.00312323,-1.14345e-06,4.17979e-07,3.69663e-08,0.000137233,0.00014307,0.00791374,0.00827466,0.012166,0.0123068,0.0191817,-1.24863e-05,2.0489e-05,3.17215e-06,22.9,996.9,44.3,
273.7168,1464.5606,253.2695,0.000557092,0.00179951,0.00197148,0.00272677,-4.23899e-07,8.3161e-07,1.22046e-07,6.16955e-05,0.000176724,0.00785946,0.00836617,0.012204,0.0123288,0.0192595,-1.14466e-05,1.91336e-05,2.74799e-06,22.8,996.9,44.5,
157.2296,1595.0528,257.2326,0.00237015,0.00725684,0.00816049,0.0111747,-1.02523e-05,1.47894e-05,3.1382e-06,0.000415541,0.000518316,0.0268395,0.00838995,0.0121118,0.0123142,0.0192023,-1.66444e-05,1.98625e-05,4.16584e-06,22.8,996.9,44.5,
150.1762,1471.7555,254.9535,0.000731811,0.00348327,0.00216197,0.00416447,-1.83019e-06,1.07229e-06,1.29298e-07,0.000128427,0.000189873,0.00915044,0.00827467,0.012166,0.0123068,0.0191817,-1.24873e-05,2.04889e-05,3.1724e-06,22.8,996.8,44.5,
188.4856,2946.8206,244.7844,0.0105372,0.0129382,0.0123096,0.0207353,-0.000131118,2.08457e-05,1.81142e-05,0.000558496,0.00067232,0.0446952,0.0114413,0.0125702,0.0144957,0.0223392,-6.35027e-05,1.91661e-05,1.54493e-05,22.8,996.8,44.5,
311.9652,2939.7502,242.7559,0.00128121,0.00165278,0.00159724,0.00263142,-1.98984e-06,3.45507e-07,2.79503e-07,8.28826e-05,4.79521e-05,0.00517607,0.0115646,0.0130743,0.0149545,0.0229851,-6.82093e-05,2.06736e-05,1.57393e-05,22.8,996.9,44.5,
195.6418,3070.2131,246.9457,0.00495065,0.00542125,0.0161506,0.0177409,-1.86859e-05,3.61627e-05,2.84829e-05,0.000257339,0.000710319,0.0397265,0.0118817,0.0127267,0.0149131,0.0229248,-6.94313e-05,1.94751e-05,1.67125e-05,22.8,996.9,44.5,
188.4808,2946.8382,244.7679,0.00212239,0.00259697,0.00289571,0.00443102,-5.22733e-06,1.17591e-06,9.76013e-07,0.000182546,0.000192277,0.0135579,0.0114414,0.0125702,0.0144958,0.0223393,-6.35032e-05,1.91667e-05,1.54499e-05,22.8,996.9,44.5,
1684.1728,2891.6312,236.1050,0.00171723,0.00333814,0.00397703,0.0054689,-4.95124e-06,1.81117e-06,8.44818e-07,0.000109514,0.000208205,0.0170961,0.0129381,0.01926,0.0206886,0.0310863,-0.000122962,3.79007e-05,1.78158e-05,22.8,996.9,44.5,
1807.8586,2888.5030,233.9892,0.0062458,0.0132501,0.0141712,0.0203813,-7.82248e-05,2.30775e-05,1.05061e-05,0.000558427,0.000473105,0.0545975,0.0130622,0.0198477,0.0212416,0.0318709,-0.00012793,3.96218e-05,1.79979e-05,22.8,996.8,44.7,
1687.2304,3015.2590,238.2129,0.0030679,0.00581933,0.00746386,0.00994916,-1.64795e-05,6.31768e-06,3.12742e-06,0.000150551,0.00029963,0.0246973,0.0133248,0.0193401,0.0209714,0.0314863,-0.000132347,3.79387e-05,1.907e-05,22.8,996.8,44.6,
1684.1876,2891.6393,236.0581,0.00164299,0.00284601,0.00826176,0.00889133,-3.29237e-06,8.05036e-06,3.62254e-06,9.42236e-05,0.000393959,0.0294374,0.0129382,0.0192601,0.0206887,0.0310865,-0.000122963,3.79042e-05,1.78175e-05,22.8,996.9,44.6,
1610.5958,1381.8850,248.3448,0.00119686,0.0069919,0.0077589,0.0105128,-3.21553e-06,8.52937e-06,6.60189e-07,0.000214313,0.000493903,0.0348464,0.00994529,0.018385,0.0184073,0.0278522,-1.62566e-05,3.48727e-05,2.39234e-06,22.8,996.8,44.6,
1734.3039,1377.2734,246.2353,0.0019518,0.0154031,0.012188,0.0197386,-1.51476e-05,2.05019e-05,7.26756e-07,0.000454418,0.000487286,0.0445456,0.0100971,0.0190023,0.0190201,0.0287194,-1.67191e-05,3.66362e-05,2.38636e-06,22.8,996.9,44.6,
1615.1482,1505.3560,250.8867,0.00154206,0.00803944,0.00851453,0.0118113,-6.36313e-06,1.01107e-05,1.07533e-06,0.000404826,0.000426248,0.0381954,0.0100294,0.0184226,0.018481,0.0279559,-2.44326e-05,3.4797e-05,3.55156e-06,22.7,996.9,44.6,
1610.5752,1381.8851,248.3078,0.000692032,0.00193392,0.00390235,0.00440991,-2.10462e-07,2.13098e-06,2.23442e-07,6.29402e-05,0.000245765,0.0164198,0.00994531,0.0183849,0.0184072,0.027852,-1.62564e-05,3.48749e-05,2.39251e-06,22.7,996.9,44.6,
1434.2353,-10.1190,257.5293,0.00201316,0.00538696,0.00662914,0.00877597,9.21368e-06,5.87038e-06,-1.72156e-06,0.000170241,0.000331805,0.0241167,0.0109987,0.0177475,0.0183963,0.0278274,7.13457e-05,3.26236e-05,-1.06266e-05,22.7,996.9,44.6,
1548.4120,-57.8922,255.3943,0.00155851,0.00428488,0.0050047,0.00677024,5.93482e-06,3.25136e-06,-9.92631e-07,0.000161747,0.000306537,0.0231548,0.0112423,0.0183223,0.0190105,0.0286966,7.78134e-05,3.42444e-05,-1.12562e-05,22.7,996.8,44.6,
1481.8461,103.9927,259.7946,0.00113308,0.00280412,0.00367852,0.0047622,2.1078e-06,1.76715e-06,-4.34446e-07,0.000123992,0.000170213,0.0137009,0.0108075,0.0179324,0.0184542,0.0279093,6.52181e-05,3.29576e-05,-9.53199e-06,22.7,996.8,44.6,
1434.2475,-10.0803,257.5073,0.00252369,0.00664883,0.00944047,0.0118194,1.40231e-05,1.20276e-05,-3.27189e-06,0.000259903,0.000432113,0.0326091,0.0109986,0.0177475,0.0183963,0.0278275,7.13434e-05,3.26252e-05,-1.06267e-05,22.7,996.9,44.6,
3031.0492,-140.1368,254.5187,0.00232886,0.00863702,0.00596653,0.0107527,1.84319e-05,3.20602e-06,-1.41918e-06,0.000326509,0.000214542,0.0359079,0.0131149,0.0256256,0.0262282,0.0389435,0.000129616,5.28544e-05,-1.31877e-05,22.7,996.9,44.6,
3153.4399,-158.8212,254.5029,0.00361067,0.0142108,0.00881647,0.0171089,4.9789e-05,6.80036e-06,-3.6142e-06,0.00032872,0.000277718,0.040473,0.0132942,0.0262351,0.0268436,0.0398195,0.000135379,5.43819e-05,-1.34463e-05,22.7,996.8,44.5,
3049.5192,-17.8495,256.9916,0.00291259,0.0104327,0.0166707,0.0198806,2.41122e-05,2.70489e-05,-3.83774e-06,0.000191996,0.000378165,0.0389018,0.0128723,0.0256889,0.0261763,0.0388692,0.000117565,5.2768e-05,-1.1857e-05,22.7,996.8,44.5,
3031.0707,-140.1011,254.5389,0.00126651,0.00432363,0.00472217,0.00652661,4.57402e-06,2.11342e-06,-4.91634e-07,9.96958e-05,0.000181167,0.0190057,0.0131148,0.0256257,0.0262283,0.0389436,0.000129613,5.28525e-05,-1.31869e-05,22.7,996.9,44.5,
3099.8517,1294.2444,241.5925,0.000760926,0.00549244,0.00462598,0.00722119,-9.28371e-07,2.16118e-06,2.17715e-09,0.000109953,0.000123754,0.0150066,0.0117411,0.0258199,0.0258007,0.0383431,-1.64698e-05,5.47121e-05,1.73386e-06,22.7,996.9,44.6,
3223.6233,1292.5311,239.8711,0.000478962,0.00372684,0.00464212,0.00597227,-4.05045e-07,2.1617e-06,1.24888e-07,6.40461e-05,0.000204663,0.019856,0.011894,0.0264386,0.026418,0.0392222,-1.67748e-05,5.64853e-05,1.72939e-06,22.7,996.9,44.5,
3101.3946,1417.8594,244.6420,0.000808916,0.00257854,0.00514948,0.00581553,-3.16827e-07,2.6501e-06,2.87374e-07,4.93559e-05,0.000248592,0.0229504,0.0117929,0.025833,0.0258346,0.0383907,-2.91916e-05,5.44267e-05,3.02699e-06,22.7,996.9,44.5,
3099.8872,1294.1717,241.5664,0.00168769,0.00857379,0.0158575,0.0181058,-2.05947e-06,2.57105e-05,2.17002e-06,0.000215281,0.000426796,0.0432322,0.0117411,0.0258201,0.0258009,0.0383434,-1.64625e-05,5.47153e-05,1.73318e-06,22.7,996.9,44.6,
3130.5951,2813.3723,228.9980,0.00138404,0.00367245,0.00438184,0.00588243,-4.18895e-06,1.77777e-06,5.79198e-07,7.86176e-05,0.000185787,0.0193017,0.0142533,0.0262378,0.0272671,0.040436,-0.000175686,5.69852e-05,1.84678e-05,22.7,996.9,44.6,
3254.2031,2806.4622,227.5314,0.000961807,0.00247955,0.00607411,0.00663084,-1.82467e-06,3.42321e-06,1.10643e-06,5.61062e-05,0.000203535,0.0205998,0.0143674,0.026843,0.0278444,0.0412587,-0.000179914,5.87356e-05,1.8516e-05,22.7,996.9,44.7,
3137.4753,2936.8174,231.6526,0.00354276,0.0100883,0.00564091,0.012089,-3.52496e-05,2.94917e-06,1.0128e-06,0.000184343,0.00013729,0.0221462,0.0146031,0.0263089,0.0274955,0.0407604,-0.000189199,5.6872e-05,1.97571e-05,22.7,996.9,44.7,
3130.6443,2813.3607,228.9687,0.00425275,0.012677,0.0117143,0.0177769,-5.1637e-05,1.29722e-05,4.17639e-06,0.000240815,0.000266863,0.0343497,0.0142533,0.026238,0.0272673,0.0404363,-0.000175687,5.69889e-05,1.84687e-05,22.7,996.9,44.7,
-1.5020,100.4307,558.8360,0.00159561,0.00292376,0.00652677,0.00732755,4.14393e-06,3.75518e-06,-1.23953e-06,0.000136992,0.000334994,0.0145684,0.0090362,0.0116904,0.0124684,0.0193333,3.71556e-05,7.6716e-06,-3.84823e-06,22.6,996.9,44.6,
113.5392,54.7923,556.7500,0.000570551,0.00110277,0.00187335,0.00224746,5.95475e-07,2.93092e-07,-1.05416e-07,0.000124502,0.000155636,0.00845053,0.00912292,0.0117278,0.0124717,0.0193988,3.59947e-05,7.18233e-06,-3.56267e-06,22.6,996.9,44.6,
43.8108,215.2741,560.3042,0.000741241,0.00165643,0.0018188,0.00256929,1.1903e-06,2.7816e-07,-1.20581e-07,0.00013742,0.000171969,0.00883015,0.00881443,0.0118529,0.0124685,0.01933,3.40604e-05,7.85265e-06,-3.4256e-06,22.6,996.9,44.6,
-1.5082,100.4506,558.8303,0.000585673,0.00112641,0.00154022,0.00199602,6.27491e-07,2.00895e-07,-8.49258e-08,6.42158e-05,0.000190145,0.00807853,0.00903616,0.0116904,0.0124684,0.0193333,3.71553e-05,7.6719e-06,-3.84831e-06,22.6,996.9,44.6,
178.7346,1497.7233,549.0157,0.000308727,0.00149313,0.00197411,0.00249436,-3.56744e-07,3.74909e-07,6.85159e-08,6.73416e-05,0.000134665,0.005969,0.00804756,0.0123698,0.012464,0.0193165,-1.47826e-05,9.06075e-06,1.48116e-06,22.6,996.9,44.6,
302.5295,1498.2164,546.7888,0.000528964,0.00314276,0.00223372,0.00389182,-1.52337e-06,4.65575e-07,4.8249e-08,0.000156141,0.00019537,0.0104475,0.00817289,0.012385,0.0124678,0.0193812,-1.37237e-05,8.47864e-06,1.31509e-06,22.6,996.9,44.5,
178.1665,1621.2095,550.5318,0.000505074,0.00210852,0.00220896,0.00309523,-9.61316e-07,4.58158e-07,1.00944e-07,0.000182933,0.000244597,0.0122279,0.00818415,0.012298,0.0124654,0.0193289,-1.93298e-05,8.78134e-06,1.92088e-06,22.6,996.9,44.5,
178.7844,1497.7269,548.9909,0.000557316,0.00261396,0.00242373,0.00360803,-1.09304e-06,5.60305e-07,8.65155e-08,0.000132723,0.000218433,0.0101331,0.00804762,0.0123698,0.012464,0.0193165,-1.47822e-05,9.06145e-06,1.48126e-06,22.6,996.9,44.5,
253.8751,2999.9611,538.8103,0.00490434,0.00606482,0.00301506,0.00836213,-2.96606e-05,2.78354e-07,7.79233e-07,0.000307621,0.000201416,0.0190966,0.0115676,0.0127994,0.0148491,0.0227625,-7.03231e-05,8.75744e-06,7.07863e-06,22.6,996.9,44.5,
377.5520,3001.2375,536.1736,0.00314535,0.00407826,0.00441861,0.00678599,-1.26306e-05,1.14518e-06,9.45491e-07,0.00027156,0.000322247,0.022606,0.011712,0.0133208,0.015338,0.0234493,-7.55763e-05,9.50819e-06,7.30016e-06,22.5,996.9,44.6,
252.6124,3123.5550,540.6459,0.00364353,0.0042202,0.00402623,0.0068772,-1.52834e-05,8.37258e-07,8.99123e-07,0.000216551,0.00029359,0.0194432,0.0120131,0.012915,0.0152395,0.02331,-7.61123e-05,8.81543e-06,7.60157e-06,22.5,996.8,44.5,
253.8966,2999.9690,538.8112,0.00169306,0.00204237,0.00483108,0.00551154,-3.10912e-06,1.49018e-06,1.02551e-06,0.000133573,0.000227315,0.0136933,0.0115676,0.0127995,0.0148492,0.0227626,-7.03244e-05,8.75753e-06,7.07866e-06,22.5,996.9,44.5,
1685.1538,2904.6041,530.7279,0.00119363,0.00249006,0.0035351,0.00448577,-2.91835e-06,6.58971e-07,2.98138e-07,8.24451e-05,0.000147726,0.0122322,0.0128086,0.0192153,0.0206876,0.0310043,-0.000125326,1.6964e-05,8.03538e-06,22.5,996.9,44.5,
1808.6782,2897.5449,528.1223,0.00191444,0.00406324,0.009108,0.0101553,-7.42606e-06,4.35892e-06,1.83683e-06,0.000115083,0.000290613,0.0231949,0.0129185,0.0198015,0.0212325,0.0317775,-0.00012999,1.78565e-05,8.15509e-06,22.5,996.9,44.6,
1692.1705,3028.0971,532.0968,0.00109528,0.00213577,0.00360549,0.00433137,-2.28759e-06,6.68371e-07,3.11791e-07,6.4004e-05,0.000199846,0.0154307,0.013209,0.0193125,0.0209904,0.0314332,-0.000134933,1.69745e-05,8.58479e-06,22.5,996.9,44.5,
1685.1752,2904.6248,530.7117,0.00487518,0.0100381,0.0206616,0.0234826,-4.71052e-05,2.26613e-05,9.87045e-06,0.000366845,0.000527352,0.0464489,0.0128087,0.0192154,0.0206878,0.0310045,-0.000125328,1.69653e-05,8.03604e-06,22.5,996.9,44.5,
1622.2844,1427.1544,542.8682,0.000590276,0.0038259,0.00644187,0.00751556,-1.1368e-06,2.52934e-06,3.75516e-07,0.000116094,0.00027135,0.0190256,0.00974614,0.0184119,0.0184417,0.0278223,-1.95972e-05,1.52115e-05,1.21698e-06,22.5,996.9,44.6,
1746.0359,1424.0979,540.2764,0.000464524,0.00231976,0.00363187,0.00433446,-3.93839e-07,7.81088e-07,1.10782e-07,5.8088e-05,0.000201529,0.0139705,0.00989899,0.0190294,0.019057,0.0286928,-2.02971e-05,1.60999e-05,1.23309e-06,22.5,996.9,44.6,
1625.2079,1550.6979,544.4981,0.000700009,0.00374408,0.00381093,0.00538808,-1.55298e-06,8.63394e-07,1.00012e-07,0.000148863,0.000129106,0.0128015,0.00984522,0.0184426,0.0185154,0.0279263,-2.79207e-05,1.51375e-05,1.71814e-06,22.5,996.9,44.6,
1622.3284,1427.1582,542.8848,0.000391047,0.00434766,0.00290644,0.00524428,-1.51005e-06,5.24301e-07,-2.61598e-08,0.000105618,0.00022516,0.0160321,0.00974619,0.0184121,0.0184419,0.0278226,-1.95978e-05,1.52107e-05,1.21692e-06,22.5,996.9,44.6,
1500.1194,9.7015,552.0705,0.00137353,0.00389516,0.00558982,0.00695018,4.68783e-06,1.79316e-06,-3.35352e-07,0.000155614,0.00019964,0.01649,0.0108338,0.01802,0.0186397,0.0280985,7.29164e-05,1.41699e-05,-4.47584e-06,22.5,996.9,44.6,
1618.2196,-27.3249,549.5060,0.00119354,0.00351631,0.00401635,0.00546992,3.84845e-06,8.84461e-07,-2.3872e-07,0.000118198,0.000214153,0.0164633,0.0110571,0.0186103,0.0192582,0.0289738,7.87723e-05,1.49917e-05,-4.7345e-06,22.5,996.9,44.5,
1536.9104,127.6867,553.6968,0.00146848,0.0052088,0.00326115,0.00631848,7.58024e-06,5.22187e-07,-4.24067e-07,0.000163952,0.000142163,0.0141423,0.0106211,0.0181548,0.0186472,0.0281091,6.59558e-05,1.42114e-05,-3.97657e-06,22.5,996.9,44.5,
1500.1375,9.7028,552.0121,0.000642501,0.00128701,0.00299119,0.0033191,4.45051e-07,5.18378e-07,-5.06543e-08,8.14347e-05,0.000153998,0.0113488,0.0108338,0.0180201,0.0186398,0.0280987,7.29167e-05,1.41738e-05,-4.47704e-06,22.5,996.9,44.5,
3071.0096,-109.5109,552.0644,0.00429251,0.0173732,0.0197708,0.0266672,7.31289e-05,1.59382e-05,-2.85612e-06,0.00033963,0.000574429,0.0614696,0.0129071,0.0257805,0.0263654,0.0390687,0.000128434,2.25295e-05,-5.46359e-06,22.5,996.8,44.5,
3194.0005,-122.8870,548.9744,0.00181566,0.00696601,0.00706131,0.0100838,1.14932e-05,1.96456e-06,-4.89254e-07,0.000239555,0.000202017,0.029555,0.0130778,0.0263925,0.0269788,0.0399431,0.000133555,2.35065e-05,-5.6269e-06,22.5,996.9,44.5,
3084.0696,13.3660,553.5785,0.000783807,0.00284546,0.0057875,0.00649663,1.72877e-06,1.41077e-06,3.02944e-08,7.11917e-05,0.000214005,0.0207123,0.01266,0.0258185,0.0262911,0.0389627,0.000115972,2.24167e-05,-4.88651e-06,22.5,996.9,44.5,
3070.9258,-109.5125,552.0331,0.00123089,0.00370229,0.00496364,0.00631346,3.15054e-06,9.94567e-07,-9.78724e-08,9.17264e-05,0.000193141,0.0197219,0.012907,0.0257801,0.026365,0.0390681,0.000128431,2.25323e-05,-5.46436e-06,22.5,996.8,44.4,
3144.3280,1345.1421,536.0516,0.000955223,0.00838748,0.00541572,0.0100296,-2.84085e-06,1.29762e-06,-2.50221e-07,0.000143027,0.000169138,0.0201409,0.0115945,0.0260088,0.0260106,0.0385674,-2.20689e-05,2.44607e-05,9.96503e-07,22.5,996.9,44.4,
3267.9494,1338.4970,533.6990,0.000669199,0.00305637,0.00623369,0.00697482,-3.32733e-07,1.69937e-06,2.85054e-07,8.40876e-05,0.000267598,0.0261127,0.0117464,0.0266266,0.0266268,0.0394454,-2.19901e-05,2.54172e-05,9.79626e-07,22.5,996.9,44.4,
3150.8502,1468.5931,538.0846,0.00154777,0.0228645,0.00555607,0.0235808,-3.37629e-05,1.5795e-06,-3.26635e-06,0.00048009,0.000198117,0.0473101,0.0116679,0.0260476,0.0260754,0.0386593,-3.50295e-05,2.42913e-05,1.56441e-06,22.5,996.8,44.4,
3144.3848,1345.1317,536.0449,0.000496205,0.00723352,0.00891178,0.0114887,-2.11121e-06,3.56224e-06,3.45193e-07,0.000143949,0.000271912,0.0279786,0.0115945,0.0260091,0.0260109,0.0385678,-2.20681e-05,2.44618e-05,9.96485e-07,22.5,996.8,44.4,
3198.9549,2834.5415,523.3248,0.00281729,0.00801854,0.0220015,0.023586,-2.0375e-05,2.04839e-05,6.9227e-06,0.000202465,0.000433233,0.0461293,0.0142077,0.0265353,0.0276048,0.0408413,-0.000181713,2.63759e-05,8.54186e-06,22.5,996.8,44.4,
3322.5138,2827.6533,521.0237,0.00183858,0.00570289,0.00929983,0.011063,-1.01934e-05,3.63197e-06,1.19052e-06,9.63914e-05,0.000335265,0.0343456,0.0143214,0.0271412,0.0281827,0.0416655,-0.000185964,2.73547e-05,8.62022e-06,22.5,996.8,44.4,
3205.8487,2958.0914,525.2205,0.00206178,0.005767,0.00976426,0.0115261,-1.14394e-05,3.95552e-06,1.38122e-06,0.000194479,0.000250073,0.0308034,0.0145662,0.0266054,0.0278338,0.0411672,-0.000195483,2.62488e-05,9.10612e-06,22.5,996.8,44.4,
3198.9845,2834.6206,523.3140,0.00196165,0.00575806,0.00518284,0.00799157,-1.06038e-05,1.12895e-06,3.58867e-07,0.000115363,0.000171985,0.0199717,0.0142079,0.0265355,0.0276051,0.0408416,-0.000181722,2.63772e-05,8.54264e-06,22.5,996.8,44.5,
1656.9094,1916.8342,539.6397,0.000502786,0.00221636,0.00311945,0.00385954,-1.02831e-06,5.75543e-07,1.37042e-07,8.52711e-05,0.000223854,0.0158793,0.0103567,0.0186791,0.0189648,0.0285628,-5.33823e-05,1.57379e-05,3.32332e-06,22.4,996.8,44.5,
1780.6735,1914.4558,537.2306,0.00101005,0.00451009,0.0072687,0.00861365,-4.0974e-06,3.05941e-06,7.35447e-07,0.000151884,0.000295963,0.0227522,0.0105031,0.0192906,0.0195679,0.0294167,-5.56198e-05,1.66172e-05,3.38543e-06,22.4,996.8,44.5,
1659.1843,2040.4626,541.6276,0.00121002,0.00420189,0.00735389,0.00855569,-4.19969e-06,3.10544e-06,8.50097e-07,0.000118727,0.000261205,0.0191675,0.0105759,0.0187261,0.0191128,0.0287718,-6.20308e-05,1.56558e-05,3.82501e-06,22.4,996.8,44.5,
1656.9494,1916.8450,539.5908,0.0017515,0.00762164,0.00847618,0.0115327,-1.21524e-05,4.25146e-06,9.35793e-07,0.000298411,0.000270982,0.0267208,0.0103568,0.0186793,0.018965,0.0285631,-5.33838e-05,1.57414e-05,3.32409e-06,22.4,996.8,44.5,
1253.4730,1489.5273,542.7597,0.00118287,0.00510966,0.0100993,0.0113799,-2.6585e-06,6.84185e-06,1.17678e-06,0.000166661,0.000482078,0.0296813,0.00933355,0.0165817,0.0166369,0.0252756,-2.04424e-05,1.31019e-05,1.41249e-06,22.4,996.8,44.5,
1377.0126,1481.9404,539.9861,0.000440875,0.00385292,0.00305058,0.0049341,-1.50456e-06,6.21315e-07,2.95035e-08,0.000113849,0.000189526,0.0133312,0.00948228,0.0171963,0.0172467,0.0261357,-2.11024e-05,1.39851e-05,1.42244e-06,22.4,996.8,44.5,
1260.9580,1612.8928,544.5517,0.000815642,0.00502779,0.0055636,0.00754305,-3.63227e-06,2.05984e-06,3.23814e-07,0.000228334,0.000250202,0.0198372,0.00945664,0.0166422,0.0167508,0.0254358,-2.76887e-05,1.30696e-05,1.89188e-06,22.4,996.8,44.5,
1253.4862,1489.5552,542.7421,0.00030649,0.00139053,0.00396788,0.00421563,-1.94637e-07,1.06163e-06,1.94533e-07,4.97345e-05,0.000177476,0.0107212,0.00933359,0.0165818,0.016637,0.0252757,-2.04441e-05,1.3103e-05,1.41272e-06,22.4,996.8,44.4,
1209.1913,1496.0007,248.3871,0.00119136,0.00708782,0.00512841,0.00882933,-5.50929e-06,4.14742e-06,3.24258e-07,0.000228413,0.000317553,0.0227142,0.00952629,0.0163996,0.0164714,0.0251198,-2.00253e-05,2.96232e-05,3.31645e-06,22.4,996.8,44.4,
1332.6448,1487.2869,246.0858,0.000917253,0.00555323,0.00354142,0.00664992,-3.18283e-06,1.89849e-06,9.07879e-08,0.000164525,0.000189316,0.0150747,0.00967422,0.017013,0.0170764,0.0259738,-2.06667e-05,3.13907e-05,3.30548e-06,22.4,996.8,44.4,
1217.8441,1619.3017,250.9182,0.000817573,0.00379453,0.00267497,0.00471406,-2.08958e-06,1.08774e-06,1.25862e-07,0.00012701,0.000223258,0.015003,0.00964644,0.0164682,0.016592,0.0252893,-2.70336e-05,2.9657e-05,4.42497e-06,22.4,996.8,44.5,
1209.2070,1496.0458,248.3646,0.0012793,0.00770903,0.00600267,0.00985382,-6.51823e-06,5.70753e-06,5.014e-07,0.000248577,0.000288723,0.0220958,0.00952637,0.0163997,0.0164715,0.0251199,-2.00279e-05,2.96247e-05,3.31702e-06,22.4,996.8,44.5,
1591.3549,1859.7146,245.2729,0.00109108,0.00381444,0.00439651,0.00592196,-2.76851e-06,2.63849e-06,5.42282e-07,0.000168719,0.000202234,0.0172482,0.0104129,0.0183804,0.0186265,0.028164,-4.75814e-05,3.50491e-05,6.99841e-06,22.4,996.8,44.5,
1714.8995,1852.5359,243.2790,0.00158021,0.00712629,0.00378364,0.00822174,-9.57977e-06,1.90382e-06,2.17584e-07,0.000151691,0.00020421,0.0171881,0.0105529,0.0189897,0.0192232,0.0290087,-4.93362e-05,3.67919e-05,7.03596e-06,22.4,996.8,44.5,
1598.3994,1983.1288,247.4375,0.00148409,0.00577496,0.00463875,0.00755451,-7.66534e-06,2.93046e-06,6.44138e-07,0.000206605,0.000203712,0.0191652,0.0106177,0.0184513,0.0187898,0.0283944,-5.59966e-05,3.50843e-05,8.17402e-06,22.4,996.7,44.5,
1591.3469,1859.7211,245.2623,0.00206534,0.00875728,0.00728163,0.0115749,-1.50363e-05,7.33312e-06,1.36777e-06,0.000314668,0.00027802,0.0274987,0.0104129,0.0183803,0.0186264,0.028164,-4.75816e-05,3.50498e-05,6.99861e-06,22.4,996.7,44.5,
1816.7105,1182.5146,248.0071,0.000920436,0.00670797,0.00533208,0.0086183,-5.72193e-07,3.7928e-06,-8.11706e-08,0.000223543,0.000221247,0.0214481,0.010136,0.0194028,0.0193925,0.0292451,-3.43483e-06,3.75625e-05,5.09059e-07,22.4,996.8,44.5,
1940.4642,1181.1205,245.7004,0.0006885,0.00423774,0.00290976,0.00518644,-2.16676e-07,1.06912e-06,-6.25527e-08,9.86862e-05,0.000141736,0.0121402,0.0102906,0.0200216,0.0200088,0.0301183,-3.48391e-06,3.93463e-05,5.02392e-07,22.4,996.8,44.4,
1817.9461,1306.0218,250.3185,0.000464605,0.00582912,0.00285525,0.00650745,-1.52962e-06,1.1009e-06,-1.38228e-07,0.000158289,0.000122944,0.0136739,0.0101639,0.019414,0.0194158,0.0292776,-1.21869e-05,3.74218e-05,1.69729e-06,22.4,996.8,44.4,
1816.7068,1182.5083,248.0039,0.000525251,0.0039639,0.00387587,0.00556872,-1.94413e-07,2.02663e-06,2.20986e-08,0.000124039,0.000134999,0.0124935,0.010136,0.0194028,0.0193925,0.0292451,-3.43438e-06,3.75627e-05,5.09001e-07,22.4,996.8,44.4,
1712.7720,1456.5728,247.4281,0.00113863,0.00990116,0.0054617,0.0113648,-8.41163e-06,4.14698e-06,-7.51917e-08,0.000236632,0.000289119,0.0248766,0.0101169,0.0189032,0.0189426,0.0286095,-2.20086e-05,3.62909e-05,3.13928e-06,22.4,996.7,44.4,
1835.6570,1441.8812,245.0644,0.000809346,0.00565928,0.00319254,0.00654789,-2.51988e-06,1.34193e-06,-3.47251e-08,0.000155043,0.000248988,0.0201469,0.0102602,0.0195148,0.0195464,0.0294646,-2.19607e-05,3.80611e-05,3.04473e-06,22.3,996.8,44.5,
1727.3384,1579.3169,249.9279,0.000630397,0.00219629,0.00230761,0.00324748,-5.28531e-07,6.89786e-07,8.42451e-08,3.40002e-05,0.000149264,0.0102636,0.0102313,0.018993,0.0190761,0.0287978,-3.05951e-05,3.63468e-05,4.30841e-06,22.3,996.7,44.5,
1712.7471,1456.5764,247.4075,0.00160341,0.00964131,0.00997538,0.0139655,-7.79626e-06,1.37079e-05,1.22381e-06,0.00034554,0.000387049,0.0345471,0.0101169,0.0189031,0.0189425,0.0286094,-2.20087e-05,3.6292e-05,3.13943e-06,22.3,996.7,44.5,
1757.7674,1504.0557,-15.7013,0.000964083,0.00548238,0.00392335,0.00681019,-2.8745e-06,3.15293e-06,2.2024e-07,0.000213053,0.000222082,0.0209909,0.0105656,0.0191674,0.0192438,0.0291435,-2.50677e-05,5.56862e-05,5.48194e-06,22.3,996.7,44.5,
1881.4724,1499.6822,-14.8607,0.000874598,0.00467725,0.00334414,0.00581591,-1.99296e-06,2.18988e-06,1.39715e-07,0.000130117,0.000203705,0.0169935,0.0107095,0.0197832,0.0198511,0.0300023,-2.59359e-05,5.80247e-05,5.46776e-06,22.3,996.7,44.4,
1761.9832,1627.6102,-17.3794,0.00210919,0.0108489,0.00742614,0.0133152,-1.49765e-05,1.11982e-05,1.12217e-06,0.00037543,0.000282324,0.0321877,0.0106796,0.0192094,0.0193338,0.029272,-3.3547e-05,5.59552e-05,7.30552e-06,22.3,996.7,44.4,
1757.7575,1504.0937,-15.7059,0.00459117,0.019627,0.0204505,0.0287145,-3.56572e-05,8.54138e-05,8.5825e-06,0.000617729,0.000821432,0.0701021,0.0105656,0.0191673,0.0192438,0.0291435,-2.50701e-05,5.56864e-05,5.48253e-06,22.3,996.7,44.4,
1743.0008,1945.0910,-20.2692,0.00161252,0.00477281,0.00628789,0.00805714,-4.50683e-06,7.86153e-06,1.73742e-06,0.000161452,0.000339748,0.0260037,0.0110664,0.0191939,0.0195073,0.0295196,-5.50715e-05,5.605e-05,1.20188e-05,22.3,996.7,44.4,
1866.0056,1931.6631,-18.1684,0.00138015,0.00412227,0.00471201,0.00641101,-3.20066e-06,4.20618e-06,8.75363e-07,0.000144173,0.000271046,0.0218392,0.0111874,0.0197968,0.0200894,0.0303423,-5.66481e-05,5.82615e-05,1.19032e-05,22.3,996.7,44.4,
1756.3047,2067.9990,-22.3694,0.00126207,0.00387263,0.00424493,0.00588298,-3.49616e-06,3.53459e-06,8.74225e-07,0.000128,0.00018253,0.0155675,0.0112904,0.019299,0.0197081,0.0298049,-6.39185e-05,5.65883e-05,1.39088e-05,22.3,996.7,44.4,
1742.9853,1945.0980,-20.2922,0.00149662,0.00378834,0.00586968,0.00714454,-2.69751e-06,6.79756e-06,1.52156e-06,0.000121943,0.000255535,0.0195733,0.0110664,0.0191939,0.0195072,0.0295195,-5.50715e-05,5.60514e-05,1.20193e-05,22.3,996.7,44.4,
